EnergyDepositedInSi, SourceZ, SiAngleOffAxis, AbsorberThickness
18.6596,0,0,0
400.723,0,0,0
14.2533,0,0,0
161.218,0,0,0
19.353,0,0,0
83.0606,0,0,0
61.9004,0,0,0
355.099,0,0,0
16.4651,0,0,0
383.678,0,0,0
37.3586,0,0,0
94.5879,0,0,0
138.603,0,0,0
491.817,0,0,0
112.168,0,0,0
169.87,0,0,0
73.9187,0,0,0
31.5347,0,0,0
57.0467,0,0,0
87.7712,0,0,0
136.344,0,0,0
24.4959,0,0,0
223.571,0,0,0
57.8714,0,0,0
44.8694,0,0,0
214.953,0,0,0
295.945,0,0,0
22.6668,0,0,0
6.36015,0,0,0
27.4961,0,0,0
40.9764,0,0,0
26.6422,0,0,0
107.854,0,0,0
10.5014,0,0,0
45.2542,0,0,0
5.88013,0,0,0
59.8988,0,0,0
40.8086,0,0,0
8.79979,0,0,0
12.214,0,0,0
183.057,0,0,0
99.1689,0,0,0
24.7754,0,0,0
56.2854,0,0,0
6.94351,0,0,0
38.3576,0,0,0
21.9421,0,0,0
85.7676,0,0,0
53.8241,0,0,0
0.234832,0,0,0
301.103,0,0,0
44.3683,0,0,0
117.567,0,0,0
31.1528,0,0,0
62.907,0,0,0
36.4216,0,0,0
119.633,0,0,0
151.439,0,0,0
90.2661,0,0,0
54.3512,0,0,0
274.816,0,0,0
60.8249,0,0,0
72.7494,0,0,0
32.7355,0,0,0
32.8844,0,0,0
68.1855,0,0,0
50.2765,0,0,0
168.384,0,0,0
11.6186,0,0,0
69.6485,0,0,0
133.426,0,0,0
92.4612,0,0,0
20.6882,0,0,0
98.4395,0,0,0
518.169,0,0,0
337.998,0,0,0
264.41,0,0,0
28.7429,0,0,0
11.7756,0,0,0
278.04,0,0,0
270.299,0,0,0
53.3156,0,0,0
147.647,0,0,0
49.3097,0,0,0
115.043,0,0,0
43.3409,0,0,0
300.145,0,0,0
47.2881,0,0,0
69.3216,0,0,0
33.3353,0,0,0
9.37039,0,0,0
161.922,0,0,0
64.0226,0,0,0
56.3085,0,0,0
98.7661,0,0,0
114.095,0,0,0
330.877,0,0,0
142.149,0,0,0
46.9857,0,0,0
56.7163,0,0,0
11.7613,0,0,0
76.1168,0,0,0
16.4582,0,0,0
64.5109,0,0,0
75.7777,0,0,0
22.5309,0,0,0
232.639,0,0,0
63.4368,0,0,0
29.5146,0,0,0
5.78521,0,0,0
25.2247,0,0,0
134.802,0,0,0
52.1411,0,0,0
22.5661,0,0,0
92.1741,0,0,0
72.0283,0,0,0
7.97429,0,0,0
1.43851,0,0,0
66.1391,0,0,0
13.8275,0,0,0
157.237,0,0,0
23.5762,0,0,0
21.3106,0,0,0
8.92398,0,0,0
64.5671,0,0,0
155.645,0,0,0
319.162,0,0,0
99.697,0,0,0
40.9758,0,0,0
40.4081,0,0,0
73.7679,0,0,0
122.159,0,0,0
119.463,0,0,0
50.9333,0,0,0
73.7138,0,0,0
21.9106,0,0,0
133.999,0,0,0
32.1202,0,0,0
201.337,0,0,0
431.226,0,0,0
53.7681,0,0,0
9.44281,0,0,0
18.0076,0,0,0
21.9816,0,0,0
40.6398,0,0,0
25.0547,0,0,0
73.5376,0,0,0
281.945,0,0,0
95.5573,0,0,0
561.868,0,0,0
23.3869,0,0,0
28.3023,0,0,0
22.7661,0,0,0
73.0353,0,0,0
254.297,0,0,0
40.5202,0,0,0
37.949,0,0,0
24.4301,0,0,0
75.4599,0,0,0
115.548,0,0,0
2.34286,0,0,0
20.47,0,0,0
98.2361,0,0,0
12.7652,0,0,0
51.4649,0,0,0
39.8756,0,0,0
24.8146,0,0,0
35.0886,0,0,0
87.487,0,0,0
65.6339,0,0,0
64.9265,0,0,0
3.76945,0,0,0
17.0354,0,0,0
86.0735,0,0,0
24.5892,0,0,0
6.8914,0,0,0
257.21,0,0,0
67.8975,0,0,0
39.0752,0,0,0
39.8679,0,0,0
98.8602,0,0,0
47.4231,0,0,0
35.3255,0,0,0
73.8501,0,0,0
54.4529,0,0,0
84.5552,0,0,0
58.7238,0,0,0
68.7062,0,0,0
271.904,0,0,0
2.23785,0,0,0
92.1738,0,0,0
10.4825,0,0,0
41.4239,0,0,0
154.969,0,0,0
73.0005,0,0,0
90.3338,0,0,0
134.093,0,0,0
267.495,0,0,0
39.2005,0,0,0
6.36119,0,0,0
75.2396,0,0,0
17.534,0,0,0
52.0756,0,0,0
579.337,0,0,0
81.011,0,0,0
92.7609,0,0,0
141.109,0,0,0
65.5799,0,0,0
53.6186,0,0,0
150.96,0,0,0
119.748,0,0,0
55.2586,0,0,0
41.2309,0,0,0
71.4331,0,0,0
240.004,0,0,0
112.44,0,0,0
81.3363,0,0,0
32.5312,0,0,0
72.2128,0,0,0
107.63,0,0,0
10.3075,0,0,0
61.8187,0,0,0
264.873,0,0,0
2.70656,0,0,0
1.51907,0,0,0
123.711,0,0,0
104.083,0,0,0
40.601,0,0,0
70.3025,0,0,0
79.9779,0,0,0
221.544,0,0,0
76.548,0,0,0
71.2471,0,0,0
35.7986,0,0,0
50.8514,0,0,0
243.795,0,0,0
117.004,0,0,0
151.587,0,0,0
25.9132,0,0,0
240.703,0,0,0
81.2375,0,0,0
61.1655,0,0,0
8.77065,0,0,0
89.5322,0,0,0
77.1378,0,0,0
78.425,0,0,0
87.3912,0,0,0
81.8571,0,0,0
58.6633,0,0,0
68.1707,0,0,0
50.6814,0,0,0
415.196,0,0,0
44.7578,0,0,0
115.906,0,0,0
129.957,0,0,0
95.5362,0,0,0
69.6099,0,0,0
429.784,0,0,0
46.9061,0,0,0
25.7157,0,0,0
487.232,0,0,0
412.372,0,0,0
21.7939,0,0,0
78.3651,0,0,0
100.324,0,0,0
31.8404,0,0,0
1.9949,0,0,0
66.7425,0,0,0
75.6009,0,0,0
20.419,0,0,0
66.3437,0,0,0
50.092,0,0,0
95.8148,0,0,0
39.5875,0,0,0
550.597,0,0,0
112.035,0,0,0
3.8975,0,0,0
221.81,0,0,0
33.6517,0,0,0
16.3398,0,0,0
88.5457,0,0,0
12.2875,0,0,0
84.8956,0,0,0
662.481,0,0,0
29.5947,0,0,0
18.1871,0,0,0
86.9682,0,0,0
150.817,0,0,0
14.3673,0,0,0
492.914,0,0,0
152.798,0,0,0
414.604,0,0,0
24.0707,0,0,0
164.35,0,0,0
56.187,0,0,0
200.025,0,0,0
185.935,0,0,0
163.784,0,0,0
102.959,0,0,0
112.578,0,0,0
88.6455,0,0,0
138.028,0,0,0
93.6576,0,0,0
32.8376,0,0,0
125.811,0,0,0
84.5542,0,0,0
126.413,0,0,0
29.2508,0,0,0
158.389,0,0,0
46.3593,0,0,0
41.9792,0,0,0
78.7988,0,0,0
45.3315,0,0,0
337.394,0,0,0
12.0664,0,0,0
157.602,0,0,0
39.3442,0,0,0
260.112,0,0,0
15.8062,0,0,0
123.326,0,0,0
372.694,0,0,0
15.5284,0,0,0
216.01,0,0,0
146.736,0,0,0
166.46,0,0,0
53.8341,0,0,0
78.4076,0,0,0
78.8047,0,0,0
45.008,0,0,0
54.2301,0,0,0
176.446,0,0,0
192.773,0,0,0
6.84655,0,0,0
49.6212,0,0,0
50.3824,0,0,0
223.608,0,0,0
62.7255,0,0,0
48.4361,0,0,0
79.2894,0,0,0
125.248,0,0,0
77.9818,0,0,0
100.712,0,0,0
91.8989,0,0,0
106.261,0,0,0
4.80156,0,0,0
66.0686,0,0,0
38.6069,0,0,0
64.0891,0,0,0
61.3468,0,0,0
105.916,0,0,0
79.516,0,0,0
149.685,0,0,0
165.036,0,0,0
123.959,0,0,0
23.9422,0,0,0
37.3929,0,0,0
49.5441,0,0,0
202.232,0,0,0
107.918,0,0,0
20.7083,0,0,0
2.54752,0,0,0
17.266,0,0,0
34.5139,0,0,0
53.307,0,0,0
196.288,0,0,0
457.031,0,0,0
12.2988,0,0,0
23.6042,0,0,0
6.98338,0,0,0
181.71,0,0,0
403.031,0,0,0
109.392,0,0,0
22.311,0,0,0
28.5095,0,0,0
118.691,0,0,0
47.3892,0,0,0
5.64087,0,0,0
61.2519,0,0,0
212.458,0,0,0
42.5234,0,0,0
33.3178,0,0,0
20.855,0,0,0
50.9667,0,0,0
31.9883,0,0,0
15.3851,0,0,0
98.0537,0,0,0
90.1999,0,0,0
50.8038,0,0,0
35.8603,0,0,0
78.1107,0,0,0
21.3794,0,0,0
2.85085,0,0,0
406.6,0,0,0
88.9928,0,0,0
64.5459,0,0,0
282.751,0,0,0
70.8986,0,0,0
163.806,0,0,0
23.4631,0,0,0
49.2926,0,0,0
37.321,0,0,0
55.3899,0,0,0
58.5813,0,0,0
51.1006,0,0,0
290.779,0,0,0
2.01614,0,0,0
73.7956,0,0,0
0.912746,0,0,0
321.263,0,0,0
35.256,0,0,0
0.248996,0,0,0
30.7871,0,0,0
87.0656,0,0,0
115.245,0,0,0
112.435,0,0,0
16.1763,0,0,0
73.7943,0,0,0
28.5729,0,0,0
66.9948,0,0,0
170.673,0,0,0
148.22,0,0,0
41.8496,0,0,0
80.4837,0,0,0
18.2048,0,0,0
236.154,0,0,0
66.5838,0,0,0
130.532,0,0,0
20.1733,0,0,0
73.8562,0,0,0
54.1922,0,0,0
18.5225,0,0,0
60.3944,0,0,0
36.6283,0,0,0
54.9103,0,0,0
307.252,0,0,0
127.403,0,0,0
80.3314,0,0,0
25.2334,0,0,0
16.6632,0,0,0
89.9063,0,0,0
58.0368,0,0,0
61.4092,0,0,0
17.8818,0,0,0
225.706,0,0,0
314.984,0,0,0
251.64,0,0,0
89.1894,0,0,0
49.9915,0,0,0
49.6329,0,0,0
9.98745,0,0,0
58.2417,0,0,0
29.9654,0,0,0
1.9128,0,0,0
31.9794,0,0,0
41.8983,0,0,0
367.228,0,0,0
58.2345,0,0,0
131.209,0,0,0
35.6219,0,0,0
314.985,0,0,0
61.6848,0,0,0
11.2363,0,0,0
318.337,0,0,0
46.7178,0,0,0
71.9469,0,0,0
63.7643,0,0,0
483.896,0,0,0
67.9605,0,0,0
207.124,0,0,0
68.9156,0,0,0
174.204,0,0,0
41.268,0,0,0
29.0091,0,0,0
28.434,0,0,0
13.8549,0,0,0
10.8296,0,0,0
14.6026,0,0,0
37.2032,0,0,0
59.0546,0,0,0
90.691,0,0,0
129.549,0,0,0
159.816,0,0,0
5.38212,0,0,0
7.72292,0,0,0
101.027,0,0,0
45.5497,0,0,0
95.3932,0,0,0
44.4308,0,0,0
3.89001,0,0,0
1.13953,0,0,0
94.6868,0,0,0
87.3782,0,0,0
29.5809,0,0,0
342.156,0,0,0
44.5645,0,0,0
42.2304,0,0,0
44.5259,0,0,0
76.0114,0,0,0
40.9792,0,0,0
4.87707,0,0,0
28.8495,0,0,0
79.6429,0,0,0
29.6461,0,0,0
6.11929,0,0,0
46.0554,0,0,0
4.22659,0,0,0
128.129,0,0,0
32.2654,0,0,0
109.614,0,0,0
121.21,0,0,0
190.935,0,0,0
54.9061,0,0,0
45.9783,0,0,0
78.9723,0,0,0
14.2876,0,0,0
67.0829,0,0,0
19.3877,0,0,0
13.0837,0,0,0
8.02377,0,0,0
53.5863,0,0,0
65.4371,0,0,0
3.53568,0,0,0
130.236,0,0,0
14.6562,0,0,0
86.8318,0,0,0
20.9556,0,0,0
7.36637,0,0,0
180.558,0,0,0
40.2899,0,0,0
93.086,0,0,0
130.154,0,0,0
86.7729,0,0,0
78.182,0,0,0
57.8356,0,0,0
134.959,0,0,0
63.0227,0,0,0
49.7798,0,0,0
76.4529,0,0,0
517.034,0,0,0
59.1754,0,0,0
120.362,0,0,0
105.729,0,0,0
119.984,0,0,0
522.002,0,0,0
45.6928,0,0,0
92.1362,0,0,0
37.6686,0,0,0
154.842,0,0,0
364.463,0,0,0
55.4834,0,0,0
27.0627,0,0,0
287.307,0,0,0
2.09616,0,0,0
58.9591,0,0,0
44.6267,0,0,0
111.356,0,0,0
398.46,0,0,0
19.3713,0,0,0
121.284,0,0,0
235.127,0,0,0
40.1262,0,0,0
11.6858,0,0,0
38.8904,0,0,0
61.2469,0,0,0
92.7836,0,0,0
99.8657,0,0,0
84.7636,0,0,0
6.24077,0,0,0
16.9514,0,0,0
23.7714,0,0,0
48.2412,0,0,0
267.224,0,0,0
13.4562,0,0,0
61.3815,0,0,0
127.776,0,0,0
185.895,0,0,0
91.7483,0,0,0
338.615,0,0,0
65.4541,0,0,0
62.4462,0,0,0
61.9403,0,0,0
44.6796,0,0,0
8.86236,0,0,0
32.6699,0,0,0
136.326,0,0,0
290.253,0,0,0
385.641,0,0,0
56.3594,0,0,0
104.423,0,0,0
96.1317,0,0,0
230.367,0,0,0
14.8839,0,0,0
38.1088,0,0,0
3.64189,0,0,0
15.866,0,0,0
21.8405,0,0,0
417.099,0,0,0
31.4679,0,0,0
16.6377,0,0,0
82.8304,0,0,0
68.4749,0,0,0
128.162,0,0,0
59.8859,0,0,0
108.825,0,0,0
1.44686,0,0,0
45.4259,0,0,0
364.213,0,0,0
75.0301,0,0,0
41.1246,0,0,0
22.0413,0,0,0
17.7558,0,0,0
51.2202,0,0,0
22.6916,0,0,0
107.842,0,0,0
7.24122,0,0,0
275.12,0,0,0
26.5718,0,0,0
35.0071,0,0,0
117.356,0,0,0
63.2545,0,0,0
47.8342,0,0,0
72.3179,0,0,0
43.6988,0,0,0
69.8566,0,0,0
25.415,0,0,0
0.196061,0,0,0
19.689,0,0,0
40.7061,0,0,0
29.551,0,0,0
11.6106,0,0,0
65.4905,0,0,0
78.6399,0,0,0
69.576,0,0,0
95.4728,0,0,0
625.701,0,0,0
3.94651,0,0,0
40.4483,0,0,0
41.0913,0,0,0
131.072,0,0,0
251.996,0,0,0
61.7977,0,0,0
123.763,0,0,0
68.0667,0,0,0
28.9317,0,0,0
161.447,0,0,0
70.3108,0,0,0
64.0053,0,0,0
25.5371,0,0,0
283.18,0,0,0
54.0217,0,0,0
50.4445,0,0,0
134.884,0,0,0
17.4311,0,0,0
162.131,0,0,0
34.7801,0,0,0
1.19021,0,0,0
44.8861,0,0,0
17.572,0,0,0
22.6403,0,0,0
381.953,0,0,0
97.3646,0,0,0
1.28901,0,0,0
1.63597,0,0,0
331.78,0,0,0
75.2765,0,0,0
19.3397,0,0,0
17.6082,0,0,0
169.966,0,0,0
59.3141,0,0,0
25.188,0,0,0
279.786,0,0,0
140.248,0,0,0
81.2166,0,0,0
0.435351,0,0,0
50.7138,0,0,0
71.5154,0,0,0
23.6505,0,0,0
21.7134,0,0,0
215.179,0,0,0
20.8373,0,0,0
38.7557,0,0,0
83.041,0,0,0
84.6558,0,0,0
22.5181,0,0,0
30.9968,0,0,0
40.0126,0,0,0
156.6,0,0,0
130.923,0,0,0
8.24888,0,0,0
40.1295,0,0,0
33.2435,0,0,0
96.6689,0,0,0
55.4671,0,0,0
109.133,0,0,0
61.0259,0,0,0
7.23063,0,0,0
55.3163,0,0,0
79.6691,0,0,0
49.2399,0,0,0
3.87386,0,0,0
7.93482,0,0,0
42.0348,0,0,0
131.668,0,0,0
78.6118,0,0,0
185.788,0,0,0
80.9854,0,0,0
40.5329,0,0,0
60.9343,0,0,0
65.6611,0,0,0
122.855,0,0,0
51.3064,0,0,0
174.504,0,0,0
20.3533,0,0,0
148.105,0,0,0
53.7902,0,0,0
347.073,0,0,0
16.6924,0,0,0
34.2166,0,0,0
14.0772,0,0,0
178.209,0,0,0
83.3161,0,0,0
44.3877,0,0,0
50.8135,0,0,0
15.0926,0,0,0
72.8326,0,0,0
6.92681,0,0,0
44.702,0,0,0
78.2349,0,0,0
537.455,0,0,0
77.1444,0,0,0
93.1815,0,0,0
9.0133,0,0,0
10.1835,0,0,0
4.19867,0,0,0
3.10686,0,0,0
98.0409,0,0,0
189.437,0,0,0
75.626,0,0,0
89.3541,0,0,0
6.70493,0,0,0
96.9489,0,0,0
55.5486,0,0,0
16.54,0,0,0
39.5669,0,0,0
30.8739,0,0,0
67.292,0,0,0
5.7098,0,0,0
11.8499,0,0,0
44.0326,0,0,0
102.299,0,0,0
49.3323,0,0,0
53.5039,0,0,0
15.7155,0,0,0
26.9735,0,0,0
12.7391,0,0,0
106.788,0,0,0
12.7424,0,0,0
48.7022,0,0,0
131.021,0,0,0
75.0599,0,0,0
211.89,0,0,0
83.6819,0,0,0
65.5776,0,0,0
2.9848,0,0,0
27.9976,0,0,0
2.5633,0,0,0
2.03981,0,0,0
69.8079,0,0,0
55.5718,0,0,0
198.845,0,0,0
489.111,0,0,0
93.3071,0,0,0
66.585,0,0,0
10.9105,0,0,0
658.382,0,0,0
146.663,0,0,0
21.7915,0,0,0
31.029,0,0,0
115.226,0,0,0
55.5402,0,0,0
0.902809,0,0,0
173.233,0,0,0
76.5235,0,0,0
236.666,0,0,0
67.454,0,0,0
98.9302,0,0,0
96.3679,0,0,0
182.646,0,0,0
63.1473,0,0,0
168.617,0,0,0
21.8078,0,0,0
14.2691,0,0,0
152.385,0,0,0
108.433,0,0,0
3.04427,0,0,0
166.017,0,0,0
14.4382,0,0,0
31.9778,0,0,0
21.7626,0,0,0
56.4563,0,0,0
16.2112,0,0,0
76.2432,0,0,0
53.3085,0,0,0
26.8701,0,0,0
14.8856,0,0,0
18.7156,0,0,0
122.412,0,0,0
9.83917,0,0,0
58.7615,0,0,0
84.4243,0,0,0
100.958,0,0,0
46.3333,0,0,0
26.8276,0,0,0
38.2408,0,0,0
39.2519,0,0,0
54.9247,0,0,0
26.2148,0,0,0
42.3677,0,0,0
46.6259,0,0,0
37.8736,0,0,0
156.647,0,0,0
42.9814,0,0,0
91.9576,0,0,0
484.979,0,0,0
91.0353,0,0,0
69.4847,0,0,0
41.1186,0,0,0
40.9085,0,0,0
141.7,0,0,0
59.8019,0,0,0
71.4728,0,0,0
85.4172,0,0,0
35.1272,0,0,0
97.9229,0,0,0
58.5795,0,0,0
35.5072,0,0,0
27.6219,0,0,0
48.2508,0,0,0
61.0322,0,0,0
51.0077,0,0,0
91.1834,0,0,0
26.8493,0,0,0
47.1806,0,0,0
87.7048,0,0,0
195.235,0,0,0
43.0083,0,0,0
15.6643,0,0,0
29.3389,0,0,0
126.623,0,0,0
15.9336,0,0,0
24.784,0,0,0
82.2076,0,0,0
39.6281,0,0,0
49.6525,0,0,0
43.2838,0,0,0
38.6945,0,0,0
9.82605,0,0,0
66.907,0,0,0
61.751,0,0,0
85.8307,0,0,0
41.7728,0,0,0
19.2065,0,0,0
22.7931,0,0,0
104.909,0,0,0
27.6762,0,0,0
13.1582,0,0,0
109.134,0,0,0
11.3729,0,0,0
49.0974,0,0,0
46.9802,0,0,0
33.5935,0,0,0
6.01872,0,0,0
15.3119,0,0,0
17.549,0,0,0
123.879,0,0,0
14.8889,0,0,0
47.2012,0,0,0
224.423,0,0,0
1.38158,0,0,0
8.63626,0,0,0
6.54526,0,0,0
73.2922,0,0,0
59.5941,0,0,0
29.4929,0,0,0
63.8227,0,0,0
29.5895,0,0,0
141.243,0,0,0
194.298,0,0,0
16.4334,0,0,0
34.2498,0,0,0
70.0086,0,0,0
11.9668,0,0,0
19.7399,0,0,0
188.065,0,0,0
3.12349,0,0,0
314.545,0,0,0
144.133,0,0,0
97.8263,0,0,0
37.1308,0,0,0
29.0911,0,0,0
97.5686,0,0,0
28.7961,0,0,0
48.0097,0,0,0
24.6225,0,0,0
169.661,0,0,0
520.559,0,0,0
7.89152,0,0,0
50.1729,0,0,0
15.3903,0,0,0
45.666,0,0,0
57.1987,0,0,0
26.3063,0,0,0
36.4834,0,0,0
7.60895,0,0,0
586.259,0,0,0
38.2921,0,0,0
14.0032,0,0,0
61.8336,0,0,0
13.8063,0,0,0
4.04322,0,0,0
29.5702,0,0,0
228.741,0,0,0
114.809,0,0,0
15.2916,0,0,0
123.908,0,0,0
23.8138,0,0,0
1.13082,0,0,0
13.5972,0,0,0
167.36,0,0,0
46.7349,0,0,0
31.1704,0,0,0
141.902,0,0,0
212.465,0,0,0
14.7367,0,0,0
44.5334,0,0,0
1.54846,0,0,0
60.2241,0,0,0
14.856,0,0,0
266.788,0,0,0
43.21,0,0,0
57.928,0,0,0
49.31,0,0,0
0.528653,0,0,0
76.1114,0,0,0
53.0592,0,0,0
26.9306,0,0,0
64.8691,0,0,0
216.748,0,0,0
129.013,0,0,0
3.4796,0,0,0
46.9989,0,0,0
67.3157,0,0,0
14.6647,0,0,0
331.239,0,0,0
54.3037,0,0,0
280.27,0,0,0
60.5511,0,0,0
87.2476,0,0,0
7.66772,0,0,0
135.934,0,0,0
94.6923,0,0,0
362.329,0,0,0
0.936408,0,0,0
51.8362,0,0,0
162.035,0,0,0
7.51799,0,0,0
28.0984,0,0,0
256.558,0,0,0
5.15399,0,0,0
212.418,0,0,0
3.85229,0,0,0
42.1301,0,0,0
18.253,0,0,0
104.156,0,0,0
15.9199,0,0,0
52.4502,0,0,0
22.4082,0,0,0
59.4407,0,0,0
92.4537,0,0,0
283.531,0,0,0
38.6916,0,0,0
96.6395,0,0,0
90.8722,0,0,0
178.458,0,0,0
157.559,0,0,0
177.481,0,0,0
76.8468,0,0,0
48.5224,0,0,0
35.478,0,0,0
125.701,0,0,0
76.4065,0,0,0
7.89485,0,0,0
82.5352,0,0,0
49.5104,0,0,0
284.801,0,0,0
92.7795,0,0,0
69.3375,0,0,0
13.3149,0,0,0
17.4919,0,0,0
56.7047,0,0,0
10.9007,0,0,0
95.2449,0,0,0
115.835,0,0,0
57.4227,0,0,0
334.984,0,0,0
132.644,0,0,0
51.2216,0,0,0
61.1296,0,0,0
16.7131,0,0,0
172.199,0,0,0
61.0376,0,0,0
151.211,0,0,0
41.0478,0,0,0
294.084,0,0,0
58.7944,0,0,0
21.1325,0,0,0
21.5581,0,0,0
77.9388,0,0,0
55.3258,0,0,0
46.1907,0,0,0
7.28896,0,0,0
352.964,0,0,0
4.96457,0,0,0
126.735,0,0,0
49.758,0,0,0
9.93352,0,0,0
15.1911,0,0,0
12.9444,0,0,0
42.2214,0,0,0
151.594,0,0,0
51.9662,0,0,0
27.2484,0,0,0
95.4439,0,0,0
22.5968,0,0,0
32.9335,0,0,0
439.53,0,0,0
14.4148,0,0,0
150.203,0,0,0
89.6257,0,0,0
3.15835,0,0,0
39.9777,0,0,0
36.1842,0,0,0
116.461,0,0,0
42.3234,0,0,0
16.8105,0,0,0
73.7799,0,0,0
94.1245,0,0,0
28.6637,0,0,0
34.2136,0,0,0
13.9439,0,0,0
377.031,0,0,0
61.3214,0,0,0
44.9876,0,0,0
45.0573,0,0,0
51.3852,0,0,0
21.4884,0,0,0
203.541,0,0,0
90.1682,0,0,0
56.4479,0,0,0
61.4249,0,0,0
7.67349,0,0,0
151.862,0,0,0
46.1353,0,0,0
76.9821,0,0,0
117.745,0,0,0
43.1194,0,0,0
297.234,0,0,0
105.94,0,0,0
78.1341,0,0,0
106.201,0,0,0
78.1237,0,0,0
16.4264,0,0,0
62.7885,0,0,0
420.768,0,0,0
32.3845,0,0,0
11.6407,0,0,0
41.9913,0,0,0
91.4965,0,0,0
417.072,0,0,0
28.9475,0,0,0
28.4868,0,0,0
169.714,0,0,0
14.5455,0,0,0
390.907,0,0,0
99.6899,0,0,0
574.057,0,0,0
239.584,0,0,0
194.597,0,0,0
51.4814,0,0,0
22.9573,0,0,0
108.236,0,0,0
101.503,0,0,0
53.2935,0,0,0
138.748,0,0,0
191.01,0,0,0
9.7699,0,0,0
0.723676,0,0,0
91.1354,0,0,0
52.4261,0,0,0
34.5552,0,0,0
15.2724,0,0,0
35.3599,0,0,0
115.192,0,0,0
52.0245,0,0,0
69.7919,0,0,0
7.86302,0,0,0
23.6939,0,0,0
15.5506,0,0,0
3.17073,0,0,0
48.2033,0,0,0
107.393,0,0,0
366.454,0,0,0
33.9572,0,0,0
20.4886,0,0,0
27.6326,0,0,0
28.4548,0,0,0
27.7924,0,0,0
194.13,0,0,0
81.5987,0,0,0
44.3524,0,0,0
223.852,0,0,0
250.679,0,0,0
209.043,0,0,0
54.8687,0,0,0
140.651,0,0,0
78.1275,0,0,0
3.81785,0,0,0
91.6694,0,0,0
11.2306,0,0,0
606.103,0,0,0
68.5322,0,0,0
88.715,0,0,0
231.086,0,0,0
87.2543,0,0,0
85.3994,0,0,0
98.1364,0,0,0
53.4061,0,0,0
61.2316,0,0,0
106.249,0,0,0
35.0975,0,0,0
61.8075,0,0,0
294.254,0,0,0
41.4604,0,0,0
1.23133,0,0,0
29.4591,0,0,0
85.7516,0,0,0
0.753389,0,0,0
64.6105,0,0,0
67.5343,0,0,0
15.9393,0,0,0
87.1193,0,0,0
78.18,0,0,0
89.2335,0,0,0
1.57937,0,0,0
235.003,0,0,0
183.255,0,0,0
33.6977,0,0,0
697.331,0,0,0
17.0144,0,0,0
2.32886,0,0,0
11.9535,0,0,0
43.0331,0,0,0
471.435,0,0,0
33.7097,0,0,0
64.2774,0,0,0
68.4658,0,0,0
117.664,0,0,0
32.262,0,0,0
14.9959,0,0,0
56.0087,0,0,0
70.8935,0,0,0
74.0728,0,0,0
38.1734,0,0,0
197.241,0,0,0
19.2278,0,0,0
40.9713,0,0,0
79.2506,0,0,0
85.1993,0,0,0
2.9039,0,0,0
29.2232,0,0,0
0.341804,0,0,0
29.6027,0,0,0
90.5954,0,0,0
20.8098,0,0,0
16.5043,0,0,0
21.7313,0,0,0
13.7364,0,0,0
70.0493,0,0,0
8.26612,0,0,0
14.7795,0,0,0
45.7975,0,0,0
60.123,0,0,0
94.7383,0,0,0
10.0104,0,0,0
167.592,0,0,0
222.761,0,0,0
37.5091,0,0,0
49.9824,0,0,0
90.8506,0,0,0
28.9271,0,0,0
25.8991,0,0,0
4.03178,0,0,0
7.8681,0,0,0
57.7454,0,0,0
87.7151,0,0,0
0.99432,0,0,0
55.8826,0,0,0
347.671,0,0,0
78.7359,0,0,0
51.4103,0,0,0
4.96148,0,0,0
30.6813,0,0,0
31.2431,0,0,0
13.0498,0,0,0
12.0444,0,0,0
19.0831,0,0,0
33.1874,0,0,0
410.775,0,0,0
25.7385,0,0,0
40.4622,0,0,0
74.1266,0,0,0
9.14445,0,0,0
2.57968,0,0,0
37.3231,0,0,0
159.231,0,0,0
168.204,0,0,0
56.6962,0,0,0
96.1283,0,0,0
96.8625,0,0,0
28.9371,0,0,0
60.9439,0,0,0
176.251,0,0,0
19.2947,0,0,0
48.8585,0,0,0
182.6,0,0,0
60.0339,0,0,0
54.452,0,0,0
35.5416,0,0,0
21.8245,0,0,0
62.5923,0,0,0
173.357,0,0,0
107.939,0,0,0
4.78794,0,0,0
1.03585,0,0,0
69.6706,0,0,0
21.3057,0,0,0
41.6089,0,0,0
5.37841,0,0,0
18.6496,0,0,0
33.7915,0,0,0
97.7919,0,0,0
319.3,0,0,0
78.0209,0,0,0
44.9279,0,0,0
20.5065,0,0,0
185.073,0,0,0
101.161,0,0,0
25.2643,0,0,0
11.3698,0,0,0
7.94236,0,0,0
100.198,0,0,0
108.438,0,0,0
380.321,0,0,0
9.6717,0,0,0
269.512,0,0,0
51.0301,0,0,0
90.6176,0,0,0
43.2249,0,0,0
34.778,0,0,0
85.4872,0,0,0
104.591,0,0,0
15.9792,0,0,0
138.805,0,0,0
77.4406,0,0,0
47.5402,0,0,0
685.431,0,0,0
25.1917,0,0,0
217.692,0,0,0
83.1708,0,0,0
115.779,0,0,0
114.905,0,0,0
11.8262,0,0,0
16.8754,0,0,0
27.9274,0,0,0
156.505,0,0,0
66.7899,0,0,0
38.243,0,0,0
649.011,0,0,0
29.1725,0,0,0
84.6968,0,0,0
19.0957,0,0,0
100.263,0,0,0
93.4936,0,0,0
8.87053,0,0,0
21.0674,0,0,0
32.6104,0,0,0
49.9991,0,0,0
232.957,0,0,0
180.758,0,0,0
68.527,0,0,0
221.549,0,0,0
96.6438,0,0,0
127.147,0,0,0
29.6332,0,0,0
53.7309,0,0,0
3.72232,0,0,0
137.445,0,0,0
93.2939,0,0,0
464.806,0,0,0
25.996,0,0,0
70.355,0,0,0
292.928,0,0,0
35.0182,0,0,0
11.6974,0,0,0
59.6471,0,0,0
2.88672,0,0,0
307.361,0,0,0
133.883,0,0,0
70.7206,0,0,0
457.224,0,0,0
76.1829,0,0,0
186.666,0,0,0
112.366,0,0,0
58.1549,0,0,0
18.9524,0,0,0
19.3056,0,0,0
20.1413,0,0,0
19.4473,0,0,0
245.695,0,0,0
288.854,0,0,0
94.7436,0,0,0
131.681,0,0,0
20.4349,0,0,0
29.3651,0,0,0
7.93644,0,0,0
174.645,0,0,0
105.293,0,0,0
30.8388,0,0,0
9.65949,0,0,0
32.2642,0,0,0
22.9333,0,0,0
100.093,0,0,0
23.0585,0,0,0
66.1442,0,0,0
71.4644,0,0,0
34.7571,0,0,0
3.70767,0,0,0
744.17,0,0,0
41.3217,0,0,0
78.8933,0,0,0
54.7572,0,0,0
5.65887,0,0,0
7.27729,0,0,0
57.5106,0,0,0
12.6494,0,0,0
75.8296,0,0,0
32.5298,0,0,0
53.4174,0,0,0
288.963,0,0,0
42.8904,0,0,0
30.2717,0,0,0
87.3006,0,0,0
54.9,0,0,0
124.589,0,0,0
43.6903,0,0,0
105.351,0,0,0
145.833,0,0,0
228.513,0,0,0
92.6425,0,0,0
93.797,0,0,0
3.09049,0,0,0
17.1563,0,0,0
26.8124,0,0,0
43.7796,0,0,0
214.794,0,0,0
46.1618,0,0,0
19.1872,0,0,0
9.91206,0,0,0
9.46975,0,0,0
380.029,0,0,0
34.0828,0,0,0
110.295,0,0,0
35.4065,0,0,0
84.1536,0,0,0
8.00943,0,0,0
22.6537,0,0,0
276.739,0,0,0
71.9845,0,0,0
64.7602,0,0,0
305.213,0,0,0
22.6375,0,0,0
60.3292,0,0,0
7.07377,0,0,0
40.8996,0,0,0
150.688,0,0,0
35.9087,0,0,0
65.7439,0,0,0
135.146,0,0,0
47.907,0,0,0
4.90009,0,0,0
24.8617,0,0,0
9.86716,0,0,0
9.46523,0,0,0
92.1969,0,0,0
241.209,0,0,0
56.9458,0,0,0
97.1618,0,0,0
130.628,0,0,0
28.8565,0,0,0
124.704,0,0,0
67.7371,0,0,0
43.0165,0,0,0
98.2605,0,0,0
22.2504,0,0,0
15.3469,0,0,0
14.1131,0,0,0
14.0558,0,0,0
25.3755,0,0,0
572.182,0,0,0
53.8829,0,0,0
86.9469,0,0,0
12.1122,0,0,0
3.64592,0,0,0
617.018,0,0,0
38.0953,0,0,0
81.0677,0,0,0
10.7595,0,0,0
126.499,0,0,0
86.8312,0,0,0
98.043,0,0,0
72.1355,0,0,0
97.4956,0,0,0
73.5292,0,0,0
59.9519,0,0,0
34.8879,0,0,0
49.2803,0,0,0
336.798,0,0,0
39.3674,0,0,0
34.1927,0,0,0
187.131,0,0,0
435.399,0,0,0
43.5901,0,0,0
326.825,0,0,0
58.2619,0,0,0
93.8255,0,0,0
2.89419,0,0,0
81.2475,0,0,0
5.71199,0,0,0
133.15,0,0,0
194.29,0,0,0
69.9837,0,0,0
151.384,0,0,0
32.7182,0,0,0
2.44865,0,0,0
295.454,0,0,0
51.6551,0,0,0
15.111,0,0,0
52.9959,0,0,0
221.257,0,0,0
16.558,0,0,0
3.3419,0,0,0
103.534,0,0,0
140.359,0,0,0
42.1771,0,0,0
134.974,0,0,0
108.84,0,0,0
32.7886,0,0,0
47.3879,0,0,0
1.07885,0,0,0
2.45603,0,0,0
38.6892,0,0,0
50.0954,0,0,0
81.595,0,0,0
59.7296,0,0,0
85.2928,0,0,0
30.9721,0,0,0
147.167,0,0,0
20.0561,0,0,0
344.778,0,0,0
64.1111,0,0,0
40.2781,0,0,0
350.325,0,0,0
44.7307,0,0,0
59.0094,0,0,0
6.83394,0,0,0
35.9563,0,0,0
70.1809,0,0,0
25.7904,0,0,0
69.0259,0,0,0
55.1376,0,0,0
95.8967,0,0,0
97.0576,0,0,0
183.545,0,0,0
57.0602,0,0,0
58.9203,0,0,0
326.462,0,0,0
80.5584,0,0,0
443.121,0,0,0
110.865,0,0,0
23.8236,0,0,0
199.053,0,0,0
26.0927,0,0,0
30.3095,0,0,0
6.09673,0,0,0
109.21,0,0,0
35.1612,0,0,0
93.4048,0,0,0
239.866,0,0,0
61.0391,0,0,0
12.1921,0,0,0
201.136,0,0,0
365.948,0,0,0
24.5335,0,0,0
18.2041,0,0,0
17.3504,0,0,0
89.0333,0,0,0
142.494,0,0,0
104.261,0,0,0
121.434,0,0,0
131.258,0,0,0
194.76,0,0,0
10.033,0,0,0
33.6298,0,0,0
46.1459,0,0,0
54.7173,0,0,0
46.0873,0,0,0
51.5742,0,0,0
88.8559,0,0,0
39.1191,0,0,0
454.197,0,0,0
162.775,0,0,0
31.3465,0,0,0
107.17,0,0,0
6.08057,0,0,0
71.3705,0,0,0
56.0688,0,0,0
16.923,0,0,0
37.2559,0,0,0
66.9336,0,0,0
40.4718,0,0,0
62.6899,0,0,0
54.4975,0,0,0
87.4033,0,0,0
87.2469,0,0,0
164.371,0,0,0
102.922,0,0,0
54.7642,0,0,0
31.3973,0,0,0
63.7894,0,0,0
218.136,0,0,0
5.74611,0,0,0
22.3153,0,0,0
27.7937,0,0,0
37.9099,0,0,0
42.6582,0,0,0
130.521,0,0,0
102.467,0,0,0
74.1832,0,0,0
54.5414,0,0,0
90.4469,0,0,0
18.6346,0,0,0
144.416,0,0,0
25.1692,0,0,0
28.3422,0,0,0
4.87216,0,0,0
1.98233,0,0,0
99.7281,0,0,0
76.1138,0,0,0
103.076,0,0,0
24.5104,0,0,0
2.7111,0,0,0
13.7978,0,0,0
54.8523,0,0,0
35.1509,0,0,0
121.155,0,0,0
9.73826,0,0,0
66.1958,0,0,0
37.5887,0,0,0
54.0659,0,0,0
125.806,0,0,0
0.867726,0,0,0
59.4217,0,0,0
291.687,0,0,0
32.8872,0,0,0
70.0607,0,0,0
62.2586,0,0,0
104.572,0,0,0
44.4308,0,0,0
280.024,0,0,0
3.81085,0,0,0
31.6352,0,0,0
4.59187,0,0,0
978.002,0,0,0
1.6734,0,0,0
75.1356,0,0,0
60.912,0,0,0
92.984,0,0,0
23.3231,0,0,0
113.875,0,0,0
24.344,0,0,0
103.66,0,0,0
52.8459,0,0,0
103.352,0,0,0
11.0921,0,0,0
16.2865,0,0,0
86.6904,0,0,0
48.8881,0,0,0
7.16286,0,0,0
154.96,0,0,0
63.0911,0,0,0
27.2764,0,0,0
123.303,0,0,0
33.5253,0,0,0
70.6543,0,0,0
46.2734,0,0,0
76.2925,0,0,0
3.2651,0,0,0
136.602,0,0,0
95.418,0,0,0
91.5935,0,0,0
56.3708,0,0,0
309.44,0,0,0
21.5476,0,0,0
118.486,0,0,0
155.206,0,0,0
4.30855,0,0,0
49.2716,0,0,0
2.56975,0,0,0
75.4587,0,0,0
20.4768,0,0,0
34.4772,0,0,0
56.3985,0,0,0
45.7161,0,0,0
30.0991,0,0,0
58.5179,0,0,0
53.1312,0,0,0
80.5595,0,0,0
30.1304,0,0,0
84.0405,0,0,0
26.534,0,0,0
65.7764,0,0,0
55.429,0,0,0
210.341,0,0,0
93.6106,0,0,0
43.6265,0,0,0
39.8048,0,0,0
24.6731,0,0,0
443.864,0,0,0
78.9976,0,0,0
163.193,0,0,0
492.138,0,0,0
59.9552,0,0,0
52.9897,0,0,0
62.4709,0,0,0
82.2512,0,0,0
18.2041,0,0,0
31.0383,0,0,0
190.466,0,0,0
38.265,0,0,0
96.8521,0,0,0
363.13,0,0,0
8.3581,0,0,0
203.071,0,0,0
156.952,0,0,0
54.9578,0,0,0
46.4701,0,0,0
171.503,0,0,0
4.19093,0,0,0
40.9892,0,0,0
162.218,0,0,0
1.72185,0,0,0
15.5376,0,0,0
41.5158,0,0,0
94.2058,0,0,0
530.67,0,0,0
15.2925,0,0,0
76.0098,0,0,0
153.628,0,0,0
151.894,0,0,0
99.1678,0,0,0
13.1909,0,0,0
227.318,0,0,0
32.984,0,0,0
110.256,0,0,0
37.3885,0,0,0
143.152,0,0,0
95.2216,0,0,0
132.877,0,0,0
13.2815,0,0,0
79.2499,0,0,0
18.0453,0,0,0
435.221,0,0,0
284.363,0,0,0
33.9392,0,0,0
87.366,0,0,0
47.9702,0,0,0
28.8413,0,0,0
84.9792,0,0,0
27.1227,0,0,0
148.267,0,0,0
63.9965,0,0,0
29.9544,0,0,0
110.081,0,0,0
89.2656,0,0,0
191.297,0,0,0
273.95,0,0,0
163.156,0,0,0
162.074,0,0,0
51.9151,0,0,0
76.2086,0,0,0
167.505,0,0,0
12.9211,0,0,0
83.0243,0,0,0
104.827,0,0,0
378.431,0,0,0
11.5974,0,0,0
6.30134,0,0,0
62.545,0,0,0
43.7668,0,0,0
254.838,0,0,0
7.67094,0,0,0
19.7573,0,0,0
7.06809,0,0,0
19.8567,0,0,0
42.6264,0,0,0
30.2635,0,0,0
10.2277,0,0,0
50.9658,0,0,0
40.0736,0,0,0
69.9571,0,0,0
84.5524,0,0,0
94.8255,0,0,0
39.704,0,0,0
109.972,0,0,0
26.3241,0,0,0
43.9663,0,0,0
35.7965,0,0,0
38.3769,0,0,0
52.3467,0,0,0
109.933,0,0,0
0.422814,0,0,0
50.4122,0,0,0
100.725,0,0,0
118.519,0,0,0
32.6714,0,0,0
129.168,0,0,0
31.1104,0,0,0
0.656363,0,0,0
38.1487,0,0,0
49.4508,0,0,0
20.2643,0,0,0
2.70537,0,0,0
216.832,0,0,0
82.9609,0,0,0
61.8554,0,0,0
86.984,0,0,0
252.004,0,0,0
1.56127,0,0,0
74.7747,0,0,0
91.6038,0,0,0
55.3558,0,0,0
21.1164,0,0,0
8.56654,0,0,0
360.078,0,0,0
23.288,0,0,0
10.2582,0,0,0
64.4064,0,0,0
30.945,0,0,0
98.5554,0,0,0
85.5663,0,0,0
203.996,0,0,0
61.5381,0,0,0
411.448,0,0,0
117.435,0,0,0
36.3906,0,0,0
40.7556,0,0,0
9.77738,0,0,0
220.796,0,0,0
38.4578,0,0,0
34.0962,0,0,0
17.2379,0,0,0
19.1305,0,0,0
6.4013,0,0,0
69.7171,0,0,0
0.43171,0,0,0
15.6157,0,0,0
55.0372,0,0,0
19.7749,0,0,0
14.1754,0,0,0
97.1367,0,0,0
70.5313,0,0,0
36.6494,0,0,0
55.5865,0,0,0
14.6843,0,0,0
36.0197,0,0,0
69.3242,0,0,0
61.2103,0,0,0
70.399,0,0,0
297.438,0,0,0
17.5088,0,0,0
44.8424,0,0,0
82.9236,0,0,0
19.4738,0,0,0
193.79,0,0,0
101.217,0,0,0
30.4575,0,0,0
314.528,0,0,0
145.563,0,0,0
63.7687,0,0,0
20.9157,0,0,0
3.88168,0,0,0
34.5146,0,0,0
39.2149,0,0,0
11.165,0,0,0
223.179,0,0,0
168.079,0,0,0
2.13232,0,0,0
69.5676,0,0,0
31.8313,0,0,0
171.627,0,0,0
89.1195,0,0,0
108.79,0,0,0
31.763,0,0,0
303.522,0,0,0
71.3033,0,0,0
59.1658,0,0,0
5.35571,0,0,0
237.463,0,0,0
78.917,0,0,0
72.1261,0,0,0
47.4455,0,0,0
107.581,0,0,0
38.9894,0,0,0
131.611,0,0,0
21.6814,0,0,0
12.1823,0,0,0
0.15797,0,0,0
83.8724,0,0,0
44.1817,0,0,0
80.5169,0,0,0
61.0448,0,0,0
286.208,0,0,0
26.9672,0,0,0
14.0582,0,0,0
22.7657,0,0,0
1.20102,0,0,0
62.2718,0,0,0
29.7127,0,0,0
18.8955,0,0,0
241.778,0,0,0
121.56,0,0,0
192.282,0,0,0
0.203647,0,0,0
63.0465,0,0,0
182.825,0,0,0
0.591953,0,0,0
179.653,0,0,0
24.3606,0,0,0
51.0774,0,0,0
53.0998,0,0,0
85.1014,0,0,0
237.444,0,0,0
8.07885,0,0,0
100.314,0,0,0
11.5572,0,0,0
32.8553,0,0,0
131.719,0,0,0
17.4177,0,0,0
68.0044,0,0,0
61.4323,0,0,0
37.5374,0,0,0
135.446,0,0,0
39.715,0,0,0
4.89131,0,0,0
69.2398,0,0,0
87.7497,0,0,0
9.70785,0,0,0
29.0708,0,0,0
71.5933,0,0,0
93.0816,0,0,0
93.0108,0,0,0
78.7556,0,0,0
10.2573,0,0,0
27.8316,0,0,0
14.7772,0,0,0
620.445,0,0,0
64.3649,0,0,0
73.1457,0,0,0
10.4813,0,0,0
33.8388,0,0,0
19.1787,0,0,0
20.9996,0,0,0
161.402,0,0,0
37.5649,0,0,0
47.0241,0,0,0
61.3036,0,0,0
210.983,0,0,0
216.097,0,0,0
112.932,0,0,0
309.388,0,0,0
111.742,0,0,0
149.424,0,0,0
5.64869,0,0,0
46.6303,0,0,0
51.2673,0,0,0
62.8309,0,0,0
64.285,0,0,0
24.71,0,0,0
41.3354,0,0,0
28.8541,0,0,0
61.4167,0,0,0
87.6575,0,0,0
4.17451,0,0,0
442.877,0,0,0
48.8484,0,0,0
84.0719,0,0,0
85.5256,0,0,0
14.6668,0,0,0
47.1941,0,0,0
63.9965,0,0,0
41.444,0,0,0
26.1102,0,0,0
50.7612,0,0,0
13.571,0,0,0
13.4048,0,0,0
256.675,0,0,0
40.1444,0,0,0
16.5236,0,0,0
98.357,0,0,0
4.02216,0,0,0
169.984,0,0,0
165.075,0,0,0
35.2517,0,0,0
163.158,0,0,0
160.179,0,0,0
238.073,0,0,0
79.438,0,0,0
90.1316,0,0,0
97.4541,0,0,0
75.0134,0,0,0
163.381,0,0,0
3.83714,0,0,0
57.4857,0,0,0
62.7491,0,0,0
49.8429,0,0,0
80.2651,0,0,0
68.341,0,0,0
101.58,0,0,0
8.37099,0,0,0
94.4545,0,0,0
44.8242,0,0,0
36.2018,0,0,0
111.742,0,0,0
43.1667,0,0,0
25.0498,0,0,0
61.4088,0,0,0
64.7381,0,0,0
88.1836,0,0,0
65.5795,0,0,0
21.7448,0,0,0
20.733,0,0,0
152.29,0,0,0
80.3178,0,0,0
78.2598,0,0,0
62.0127,0,0,0
12.0544,0,0,0
16.1361,0,0,0
73.7532,0,0,0
52.1882,0,0,0
3.94543,0,0,0
24.6445,0,0,0
87.0148,0,0,0
37.5099,0,0,0
57.2361,0,0,0
292.276,0,0,0
71.5875,0,0,0
79.5437,0,0,0
1.80202,0,0,0
29.7475,0,0,0
87.2282,0,0,0
359.611,0,0,0
70.2719,0,0,0
75.9971,0,0,0
88.6024,0,0,0
11.7415,0,0,0
9.91235,0,0,0
72.0788,0,0,0
59.4338,0,0,0
15.0488,0,0,0
46.75,0,0,0
51.8853,0,0,0
54.3273,0,0,0
336.606,0,0,0
82.4552,0,0,0
71.437,0,0,0
13.679,0,0,0
119.492,0,0,0
4.4146,0,0,0
210.7,0,0,0
52.6771,0,0,0
92.3294,0,0,0
47.2478,0,0,0
8.06866,0,0,0
425.953,0,0,0
148.06,0,0,0
89.4154,0,0,0
26.2879,0,0,0
47.0042,0,0,0
25.5961,0,0,0
187.292,0,0,0
108.04,0,0,0
404.676,0,0,0
13.4063,0,0,0
38.1082,0,0,0
68.52,0,0,0
137.812,0,0,0
6.60805,0,0,0
68.5212,0,0,0
407.815,0,0,0
11.3017,0,0,0
195.107,0,0,0
96.2781,0,0,0
223.721,0,0,0
316.786,0,0,0
63.2594,0,0,0
62.3907,0,0,0
269.152,0,0,0
54.5309,0,0,0
34.8224,0,0,0
257.385,0,0,0
11.9452,0,0,0
52.6582,0,0,0
100.716,0,0,0
333.092,0,0,0
24.5197,0,0,0
76.7508,0,0,0
17.0198,0,0,0
65.6621,0,0,0
83.1781,0,0,0
32.6763,0,0,0
108.257,0,0,0
86.7858,0,0,0
69.7325,0,0,0
41.2014,0,0,0
48.8269,0,0,0
58.3756,0,0,0
94.8594,0,0,0
7.5887,0,0,0
98.3002,0,0,0
62.095,0,0,0
112.635,0,0,0
114.329,0,0,0
13.0741,0,0,0
0.322625,0,0,0
89.122,0,0,0
69.0196,0,0,0
14.0274,0,0,0
48.2196,0,0,0
16.1368,0,0,0
33.9902,0,0,0
9.39515,0,0,0
39.5541,0,0,0
88.2446,0,0,0
74.3297,0,0,0
66.0334,0,0,0
270.183,0,0,0
83.9175,0,0,0
52.5042,0,0,0
31.266,0,0,0
39.8068,0,0,0
74.0958,0,0,0
124.342,0,0,0
17.7132,0,0,0
56.8969,0,0,0
97.3313,0,0,0
57.8625,0,0,0
11.4233,0,0,0
294.928,0,0,0
168.678,0,0,0
96.9006,0,0,0
11.7794,0,0,0
11.933,0,0,0
45.3487,0,0,0
35.3345,0,0,0
229.81,0,0,0
194.183,0,0,0
12.9023,0,0,0
136.146,0,0,0
59.2702,0,0,0
24.4502,0,0,0
109.482,0,0,0
52.9294,0,0,0
115.083,0,0,0
33.186,0,0,0
93.7624,0,0,0
27.4609,0,0,0
33.5955,0,0,0
679.657,0,0,0
99.1211,0,0,0
41.2988,0,0,0
31.292,0,0,0
17.0592,0,0,0
167.202,0,0,0
17.0033,0,0,0
98.0406,0,0,0
3.51019,0,0,0
20.5488,0,0,0
24.7144,0,0,0
14.3072,0,0,0
29.899,0,0,0
317.395,0,0,0
118.999,0,0,0
80.3854,0,0,0
10.0297,0,0,0
124.941,0,0,0
137.927,0,0,0
12.3542,0,0,0
89.0448,0,0,0
62.5728,0,0,0
2.18645,0,0,0
86.8532,0,0,0
30.0738,0,0,0
22.0879,0,0,0
222.798,0,0,0
62.8181,0,0,0
58.4171,0,0,0
67.3659,0,0,0
15.333,0,0,0
112.477,0,0,0
72.4615,0,0,0
492.321,0,0,0
385.511,0,0,0
57.4185,0,0,0
27.4064,0,0,0
100.925,0,0,0
59.8681,0,0,0
24.5344,0,0,0
20.5455,0,0,0
17.8321,0,0,0
294.194,0,0,0
108.368,0,0,0
109.333,0,0,0
36.661,0,0,0
81.8735,0,0,0
1.04491,0,0,0
30.9655,0,0,0
70.8179,0,0,0
24.3853,0,0,0
32.2128,0,0,0
450.735,0,0,0
28.1485,0,0,0
215.371,0,0,0
14.9101,0,0,0
374.609,0,0,0
19.9039,0,0,0
1.14969,0,0,0
79.7963,0,0,0
106.61,0,0,0
81.3801,0,0,0
10.5337,0,0,0
22.3512,0,0,0
12.1048,0,0,0
34.0152,0,0,0
58.0336,0,0,0
325.885,0,0,0
77.9337,0,0,0
91.2546,0,0,0
33.8118,0,0,0
56.5221,0,0,0
137.989,0,0,0
299.335,0,0,0
259.676,0,0,0
51.5269,0,0,0
82.0539,0,0,0
107.826,0,0,0
1.24692,0,0,0
19.7628,0,0,0
73.2922,0,0,0
120.126,0,0,0
25.9993,0,0,0
4.27197,0,0,0
114.242,0,0,0
105.6,0,0,0
99.2325,0,0,0
517.89,0,0,0
234.554,0,0,0
9.18727,0,0,0
30.6343,0,0,0
97.5755,0,0,0
104.919,0,0,0
32.6436,0,0,0
41.9926,0,0,0
57.0774,0,0,0
61.7462,0,0,0
58.1614,0,0,0
52.9302,0,0,0
335.539,0,0,0
103.25,0,0,0
23.9568,0,0,0
252.139,0,0,0
28.6716,0,0,0
15.7678,0,0,0
84.5267,0,0,0
133.869,0,0,0
261.918,0,0,0
40.4052,0,0,0
20.596,0,0,0
135.299,0,0,0
196.798,0,0,0
99.4347,0,0,0
125.599,0,0,0
1.46915,0,0,0
78.2936,0,0,0
218.206,0,0,0
124.937,0,0,0
201.099,0,0,0
90.5805,0,0,0
69.7604,0,0,0
39.2532,0,0,0
93.1931,0,0,0
51.8079,0,0,0
185.437,0,0,0
25.331,0,0,0
29.3672,0,0,0
42.8926,0,0,0
99.2371,0,0,0
77.1113,0,0,0
68.5051,0,0,0
5.43022,0,0,0
587.942,0,0,0
233.906,0,0,0
98.884,0,0,0
13.6592,0,0,0
403.551,0,0,0
121.278,0,0,0
39.4863,0,0,0
125.184,0,0,0
34.8946,0,0,0
28.9939,0,0,0
8.06055,0,0,0
233.509,0,0,0
197.702,0,0,0
322.16,0,0,0
211.833,0,0,0
397.762,0,0,0
6.8834,0,0,0
71.0416,0,0,0
113.987,0,0,0
145.365,0,0,0
371.175,0,0,0
32.1214,0,0,0
55.5741,0,0,0
73.6802,0,0,0
99.0298,0,0,0
21.9263,0,0,0
54.3457,0,0,0
53.4239,0,0,0
85.1413,0,0,0
42.0108,0,0,0
54.7137,0,0,0
56.2321,0,0,0
82.6469,0,0,0
46.9033,0,0,0
21.3318,0,0,0
45.0313,0,0,0
5.19683,0,0,0
33.7909,0,0,0
66.6637,0,0,0
13.4776,0,0,0
30.6351,0,0,0
138.264,0,0,0
14.5479,0,0,0
173.875,0,0,0
6.57713,0,0,0
3.29021,0,0,0
148.785,0,0,0
44.2219,0,0,0
383.772,0,0,0
97.7627,0,0,0
84.0913,0,0,0
92.7191,0,0,0
15.1126,0,0,0
63.0606,0,0,0
13.7005,0,0,0
25.5835,0,0,0
46.3837,0,0,0
7.30266,0,0,0
37.4261,0,0,0
102.603,0,0,0
120.056,0,0,0
42.2229,0,0,0
3.74352,0,0,0
97.5888,0,0,0
9.62124,0,0,0
55.3931,0,0,0
14.6279,0,0,0
205.096,0,0,0
383.63,0,0,0
36.6792,0,0,0
6.45656,0,0,0
10.4141,0,0,0
15.0104,0,0,0
39.1908,0,0,0
58.8332,0,0,0
52.4202,0,0,0
36.2839,0,0,0
101.792,0,0,0
86.5225,0,0,0
60.0184,0,0,0
75.6282,0,0,0
46.6253,0,0,0
24.1002,0,0,0
88.3856,0,0,0
287.667,0,0,0
8.77912,0,0,0
78.748,0,0,0
45.1479,0,0,0
60.5418,0,0,0
399.177,0,0,0
107.47,0,0,0
331.74,0,0,0
44.9539,0,0,0
70.8129,0,0,0
67.3879,0,0,0
41.0492,0,0,0
231.158,0,0,0
8.67281,0,0,0
100.504,0,0,0
151.592,0,0,0
23.0634,0,0,0
196.429,0,0,0
27.7267,0,0,0
223.229,0,0,0
101.418,0,0,0
26.6633,0,0,0
49.0739,0,0,0
164.337,0,0,0
290.539,0,0,0
49.2827,0,0,0
93.2302,0,0,0
15.6353,0,0,0
82.9891,0,0,0
18.093,0,0,0
143.6,0,0,0
41.865,0,0,0
12.4145,0,0,0
13.0852,0,0,0
62.1475,0,0,0
98.3876,0,0,0
82.2094,0,0,0
0.450842,0,0,0
79.5881,0,0,0
15.611,0,0,0
44.1113,0,0,0
16.6256,0,0,0
247.747,0,0,0
177.145,0,0,0
60.9535,0,0,0
228.547,0,0,0
9.47578,0,0,0
56.9862,0,0,0
110.694,0,0,0
29.563,0,0,0
20.2752,0,0,0
77.2793,0,0,0
158.508,0,0,0
93.8309,0,0,0
55.2924,0,0,0
144.936,0,0,0
42.0138,0,0,0
45.5592,0,0,0
279.298,0,0,0
2.27676,0,0,0
95.2079,0,0,0
120.695,0,0,0
191.754,0,0,0
145.621,0,0,0
46.9519,0,0,0
117.106,0,0,0
65.1389,0,0,0
55.688,0,0,0
53.4734,0,0,0
2.39555,0,0,0
48.4539,0,0,0
65.9042,0,0,0
234.302,0,0,0
351.839,0,0,0
122.842,0,0,0
76.5983,0,0,0
74.4921,0,0,0
146.463,0,0,0
240.931,0,0,0
68.3596,0,0,0
55.039,0,0,0
370.859,0,0,0
0.692006,0,0,0
7.66036,0,0,0
25.0647,0,0,0
40.2332,0,0,0
74.9656,0,0,0
36.2045,0,0,0
78.0478,0,0,0
158.427,0,0,0
59.1715,0,0,0
107.083,0,0,0
3.55413,0,0,0
0.527275,0,0,0
34.2279,0,0,0
57.1775,0,0,0
55.896,0,0,0
60.8075,0,0,0
255.452,0,0,0
285.638,0,0,0
278.709,0,0,0
192.604,0,0,0
55.9169,0,0,0
2.33964,0,0,0
95.6433,0,0,0
156.568,0,0,0
10.2956,0,0,0
127.594,0,0,0
29.2095,0,0,0
29.4737,0,0,0
104.261,0,0,0
29.8957,0,0,0
96.5949,0,0,0
267.932,0,0,0
14.3865,0,0,0
24.2197,0,0,0
45.1478,0,0,0
96.0798,0,0,0
141.959,0,0,0
160.713,0,0,0
48.8391,0,0,0
22.1909,0,0,0
91.9045,0,0,0
16.8636,0,0,0
1.05676,0,0,0
119.607,0,0,0
15.8908,0,0,0
0.844339,0,0,0
7.52353,0,0,0
187.011,0,0,0
6.82881,0,0,0
41.5444,0,0,0
71.7838,0,0,0
27.0502,0,0,0
12.9797,0,0,0
21.2024,0,0,0
24.3442,0,0,0
95.6453,0,0,0
137.2,0,0,0
58.5538,0,0,0
97.5782,0,0,0
170.925,0,0,0
8.8983,0,0,0
44.7875,0,0,0
39.0585,0,0,0
9.95865,0,0,0
205.595,0,0,0
351.74,0,0,0
52.6422,0,0,0
74.9633,0,0,0
43.7869,0,0,0
158.263,0,0,0
51.6817,0,0,0
197.933,0,0,0
21.3766,0,0,0
20.5566,0,0,0
70.1294,0,0,0
86.9989,0,0,0
53.2316,0,0,0
170.661,0,0,0
298.869,0,0,0
5.42173,0,0,0
8.56846,0,0,0
40.0847,0,0,0
127.076,0,0,0
39.6568,0,0,0
34.8796,0,0,0
85.8024,0,0,0
16.8608,0,0,0
94.6267,0,0,0
38.9384,0,0,0
67.1557,0,0,0
26.8968,0,0,0
21.2875,0,0,0
177.674,0,0,0
8.33852,0,0,0
31.0364,0,0,0
264.737,0,0,0
124.038,0,0,0
5.37151,0,0,0
92.909,0,0,0
174.565,0,0,0
285.843,0,0,0
43.5611,0,0,0
84.7366,0,0,0
181.629,0,0,0
253.333,0,0,0
110.674,0,0,0
42.971,0,0,0
56.3249,0,0,0
74.7695,0,0,0
65.5485,0,0,0
6.48002,0,0,0
79.743,0,0,0
61.4998,0,0,0
8.79335,0,0,0
39.9514,0,0,0
21.7592,0,0,0
15.7705,0,0,0
17.4909,0,0,0
8.34208,0,0,0
93.1898,0,0,0
2.88412,0,0,0
79.6719,0,0,0
105.35,0,0,0
105.185,0,0,0
456.796,0,0,0
21.2557,0,0,0
83.155,0,0,0
103.659,0,0,0
151.691,0,0,0
43.568,0,0,0
3.90727,0,0,0
19.8803,0,0,0
15.0389,0,0,0
79.2173,0,0,0
294.75,0,0,0
2.01608,0,0,0
217.977,0,0,0
68.232,0,0,0
46.5809,0,0,0
50.3117,0,0,0
13.9743,0,0,0
0.988852,0,0,0
71.6942,0,0,0
58.6965,0,0,0
132.967,0,0,0
6.55713,0,0,0
43.7747,0,0,0
51.6523,0,0,0
31.9849,0,0,0
64.648,0,0,0
40.4924,0,0,0
214.801,0,0,0
106.141,0,0,0
6.17156,0,0,0
549.358,0,0,0
20.1237,0,0,0
1.76091,0,0,0
299.187,0,0,0
63.5243,0,0,0
38.0987,0,0,0
15.3283,0,0,0
12.6978,0,0,0
3.98958,0,0,0
55.6724,0,0,0
268.773,0,0,0
10.2724,0,0,0
34.6271,0,0,0
26.7243,0,0,0
35.2254,0,0,0
74.2528,0,0,0
29.6826,0,0,0
76.4193,0,0,0
14.6037,0,0,0
207.582,0,0,0
75.8297,0,0,0
75.3074,0,0,0
456.639,0,0,0
35.4407,0,0,0
85.2551,0,0,0
150.943,0,0,0
49.6418,0,0,0
42.8493,0,0,0
2.81531,0,0,0
234.253,0,0,0
27.0778,0,0,0
41.7245,0,0,0
57.7101,0,0,0
29.7791,0,0,0
52.765,0,0,0
76.637,0,0,0
45.1742,0,0,0
44.211,0,0,0
34.1639,0,0,0
15.5904,0,0,0
70.3476,0,0,0
58.8086,0,0,0
29.916,0,0,0
4.668,0,0,0
108.565,0,0,0
1.16652,0,0,0
97.3569,0,0,0
76.7858,0,0,0
11.6537,0,0,0
54.4827,0,0,0
29.9182,0,0,0
41.1368,0,0,0
10.6454,0,0,0
21.0506,0,0,0
1.76153,0,0,0
7.72368,0,0,0
74.767,0,0,0
202.749,0,0,0
37.3953,0,0,0
46.5179,0,0,0
42.7245,0,0,0
117.966,0,0,0
87.1397,0,0,0
217.432,0,0,0
67.281,0,0,0
43.7138,0,0,0
77.6612,0,0,0
4.53276,0,0,0
76.5141,0,0,0
22.323,0,0,0
8.4817,0,0,0
14.0857,0,0,0
51.7682,0,0,0
142.313,0,0,0
72.026,0,0,0
55.7995,0,0,0
4.37368,0,0,0
27.0241,0,0,0
336.495,0,0,0
78.3028,0,0,0
15.0128,0,0,0
56.7074,0,0,0
171.924,0,0,0
88.7053,0,0,0
69.9752,0,0,0
26.2221,0,0,0
63.7045,0,0,0
38.1979,0,0,0
382.871,0,0,0
106.701,0,0,0
5.11816,0,0,0
73.7915,0,0,0
37.7139,0,0,0
1.52912,0,0,0
82.8629,0,0,0
560.369,0,0,0
44.7415,0,0,0
34.5596,0,0,0
23.1073,0,0,0
148.577,0,0,0
24.4036,0,0,0
47.596,0,0,0
147.599,0,0,0
31.6089,0,0,0
122.217,0,0,0
67.6409,0,0,0
25.2883,0,0,0
142.636,0,0,0
40.3902,0,0,0
43.4319,0,0,0
117.39,0,0,0
244.867,0,0,0
30.0726,0,0,0
176.614,0,0,0
49.7776,0,0,0
277.337,0,0,0
80.4062,0,0,0
17.2736,0,0,0
396.143,0,0,0
16.2342,0,0,0
7.98051,0,0,0
5.74749,0,0,0
20.4386,0,0,0
56.3351,0,0,0
65.9558,0,0,0
36.6916,0,0,0
190.983,0,0,0
325.506,0,0,0
73.8609,0,0,0
3.69988,0,0,0
4.18264,0,0,0
5.53924,0,0,0
93.3183,0,0,0
77.2434,0,0,0
45.7821,0,0,0
18.8453,0,0,0
52.7928,0,0,0
60.9137,0,0,0
43.4019,0,0,0
48.9315,0,0,0
73.6601,0,0,0
60.9292,0,0,0
46.083,0,0,0
236.663,0,0,0
84.7361,0,0,0
86.5385,0,0,0
660.637,0,0,0
102.263,0,0,0
69.5546,0,0,0
100.158,0,0,0
17.3886,0,0,0
0.697983,0,0,0
296.335,0,0,0
67.9613,0,0,0
98.2459,0,0,0
1.27852,0,0,0
33.1133,0,0,0
124.475,0,0,0
17.9235,0,0,0
112.808,0,0,0
6.5753,0,0,0
1.16143,0,0,0
2.78165,0,0,0
8.06257,0,0,0
8.88121,0,0,0
73.7537,0,0,0
90.5038,0,0,0
36.4256,0,0,0
264.166,0,0,0
17.5603,0,0,0
231.756,0,0,0
94.1391,0,0,0
45.561,0,0,0
289.891,0,0,0
30.6335,0,0,0
13.3266,0,0,0
73.8575,0,0,0
43.0902,0,0,0
77.2828,0,0,0
57.8303,0,0,0
187.647,0,0,0
357.596,0,0,0
121.285,0,0,0
59.7622,0,0,0
107.303,0,0,0
297.427,0,0,0
78.2745,0,0,0
75.9375,0,0,0
6.56001,0,0,0
257.18,0,0,0
36.5225,0,0,0
37.214,0,0,0
6.80359,0,0,0
42.3034,0,0,0
20.4239,0,0,0
100.734,0,0,0
148.423,0,0,0
104.767,0,0,0
25.9817,0,0,0
63.0665,0,0,0
5.99521,0,0,0
18.5316,0,0,0
209.227,0,0,0
446.804,0,0,0
176.015,0,0,0
42.619,0,0,0
7.67839,0,0,0
49.0355,0,0,0
70.5994,0,0,0
328.862,0,0,0
159.349,0,0,0
35.8645,0,0,0
13.7111,0,0,0
149.71,0,0,0
76.478,0,0,0
233.838,0,0,0
153.668,0,0,0
58.0421,0,0,0
26.7246,0,0,0
35.525,0,0,0
148.937,0,0,0
42.8443,0,0,0
138.125,0,0,0
24.3973,0,0,0
13.3574,0,0,0
67.6556,0,0,0
78.2297,0,0,0
32.3356,0,0,0
233.88,0,0,0
199.565,0,0,0
865.034,0,0,0
130.565,0,0,0
123.362,0,0,0
117.17,0,0,0
64.7625,0,0,0
4.81545,0,0,0
46.1738,0,0,0
92.0778,0,0,0
107.521,0,0,0
42.5258,0,0,0
51.179,0,0,0
95.4757,0,0,0
23.8802,0,0,0
57.6353,0,0,0
406.595,0,0,0
221.543,0,0,0
529.252,0,0,0
250.465,0,0,0
13.0086,0,0,0
78.4689,0,0,0
1.49726,0,0,0
8.11394,0,0,0
53.8847,0,0,0
25.7745,0,0,0
28.6378,0,0,0
22.5456,0,0,0
15.615,0,0,0
117.297,0,0,0
42.075,0,0,0
12.2999,0,0,0
179.15,0,0,0
36.8959,0,0,0
186.948,0,0,0
132.652,0,0,0
28.0294,0,0,0
102.649,0,0,0
17.1811,0,0,0
48.6186,0,0,0
224.809,0,0,0
32.9672,0,0,0
273.482,0,0,0
25.2626,0,0,0
93.1474,0,0,0
304.731,0,0,0
19.1935,0,0,0
83.6237,0,0,0
27.3276,0,0,0
103.192,0,0,0
52.435,0,0,0
23.8522,0,0,0
44.4996,0,0,0
106.388,0,0,0
70.5797,0,0,0
5.39083,0,0,0
71.2138,0,0,0
111.165,0,0,0
72.5151,0,0,0
55.8006,0,0,0
12.2601,0,0,0
115.97,0,0,0
43.9457,0,0,0
177.658,0,0,0
92.6768,0,0,0
125.677,0,0,0
171.839,0,0,0
90.2075,0,0,0
182.562,0,0,0
49.7918,0,0,0
70.2359,0,0,0
19.3779,0,0,0
30.9614,0,0,0
98.896,0,0,0
62.405,0,0,0
93.6097,0,0,0
40.2589,0,0,0
76.708,0,0,0
0.177979,0,0,0
16.3607,0,0,0
105.892,0,0,0
22.8865,0,0,0
3.49757,0,0,0
6.09811,0,0,0
136.883,0,0,0
72.8684,0,0,0
140.369,0,0,0
19.7622,0,0,0
45.6169,0,0,0
36.4014,0,0,0
14.1275,0,0,0
37.814,0,0,0
237.771,0,0,0
661.31,0,0,0
82.6444,0,0,0
44.1179,0,0,0
81.4371,0,0,0
314.812,0,0,0
107.267,0,0,0
21.7487,0,0,0
47.7765,0,0,0
56.9245,0,0,0
57.3966,0,0,0
7.43508,0,0,0
204.068,0,0,0
89.9559,0,0,0
57.714,0,0,0
12.4463,0,0,0
10.4208,0,0,0
58.106,0,0,0
175.355,0,0,0
102.772,0,0,0
148.251,0,0,0
94.5749,0,0,0
143.924,0,0,0
118.79,0,0,0
144.417,0,0,0
58.9645,0,0,0
75.8708,0,0,0
40.075,0,0,0
137.949,0,0,0
158.906,0,0,0
15.2649,0,0,0
61.4025,0,0,0
87.2529,0,0,0
5.02443,0,0,0
9.04909,0,0,0
13.2933,0,0,0
36.1694,0,0,0
49.0527,0,0,0
81.478,0,0,0
114.646,0,0,0
110.77,0,0,0
10.2325,0,0,0
76.0805,0,0,0
73.0392,0,0,0
7.62922,0,0,0
83.2483,0,0,0
63.0051,0,0,0
255.695,0,0,0
74.4265,0,0,0
15.6453,0,0,0
19.7618,0,0,0
28.472,0,0,0
35.4267,0,0,0
108.588,0,0,0
56.0241,0,0,0
69.7936,0,0,0
90.5747,0,0,0
10.1785,0,0,0
26.0525,0,0,0
207.72,0,0,0
31.8666,0,0,0
118.232,0,0,0
139.715,0,0,0
188.489,0,0,0
150.302,0,0,0
103.53,0,0,0
17.8835,0,0,0
506.879,0,0,0
39.4748,0,0,0
226.43,0,0,0
15.4671,0,0,0
29.4442,0,0,0
58.5476,0,0,0
104.449,0,0,0
61.4124,0,0,0
63.7291,0,0,0
2.0916,0,0,0
26.5719,0,0,0
14.634,0,0,0
5.5057,0,0,0
53.711,0,0,0
57.3716,0,0,0
70.2891,0,0,0
58.6886,0,0,0
60.7374,0,0,0
13.9333,0,0,0
81.7989,0,0,0
84.1447,0,0,0
13.5616,0,0,0
178.63,0,0,0
191.827,0,0,0
64.1966,0,0,0
103.13,0,0,0
77.7034,0,0,0
88.4333,0,0,0
72.2103,0,0,0
81.8796,0,0,0
37.385,0,0,0
126.941,0,0,0
461.867,0,0,0
26.7089,0,0,0
37.4018,0,0,0
59.3752,0,0,0
56.6564,0,0,0
211.332,0,0,0
334.205,0,0,0
223.498,0,0,0
0.581867,0,0,0
105.065,0,0,0
124.747,0,0,0
101.79,0,0,0
728.763,0,0,0
64.1189,0,0,0
87.6489,0,0,0
59.8544,0,0,0
48.6433,0,0,0
194.286,0,0,0
207.306,0,0,0
241.042,0,0,0
2.61188,0,0,0
10.1958,0,0,0
35.2989,0,0,0
30.4348,0,0,0
293.597,0,0,0
383.195,0,0,0
18.7717,0,0,0
64.785,0,0,0
257.207,0,0,0
19.3896,0,0,0
20.0136,0,0,0
49.5613,0,0,0
315.656,0,0,0
7.48327,0,0,0
72.3157,0,0,0
73.2337,0,0,0
36.4479,0,0,0
130.449,0,0,0
16.8687,0,0,0
67.3931,0,0,0
100.065,0,0,0
8.57604,0,0,0
72.1962,0,0,0
11.9856,0,0,0
65.2246,0,0,0
113.034,0,0,0
85.9755,0,0,0
339.048,0,0,0
27.9847,0,0,0
28.3793,0,0,0
48.8543,0,0,0
18.778,0,0,0
154.004,0,0,0
39.2327,0,0,0
24.0759,0,0,0
184.774,0,0,0
43.5293,0,0,0
91.5672,0,0,0
128.666,0,0,0
36.9387,0,0,0
40.3173,0,0,0
105.024,0,0,0
100.988,0,0,0
4.28269,0,0,0
121.487,0,0,0
114.901,0,0,0
338.485,0,0,0
103.839,0,0,0
201.682,0,0,0
60.4412,0,0,0
314.963,0,0,0
29.1428,0,0,0
64.9014,0,0,0
120.592,0,0,0
63.7374,0,0,0
61.1486,0,0,0
55.7488,0,0,0
0.970913,0,0,0
20.9617,0,0,0
119.501,0,0,0
60.0459,0,0,0
62.327,0,0,0
127.689,0,0,0
10.0998,0,0,0
79.496,0,0,0
4.5889,0,0,0
45.577,0,0,0
22.2332,0,0,0
160.088,0,0,0
30.7202,0,0,0
33.7872,0,0,0
25.2554,0,0,0
163.72,0,0,0
457.692,0,0,0
39.4519,0,0,0
37.6811,0,0,0
542.877,0,0,0
203.255,0,0,0
14.7147,0,0,0
249.552,0,0,0
58.4118,0,0,0
32.6217,0,0,0
112.109,0,0,0
389.893,0,0,0
